10
3
1 2 2
7
1 2 2 3 4 4 3
15
1 2 2 3 4 4 3 5 6 6 5 3 4 4 3
31
1 2 2 3 4 4 3 5 6 6 5 3 4 4 3 7 8 8 7 9 10 10 9 7 8 8 7 9 10 10 9
63
1 2 2 3 4 4 3 5 6 6 5 3 4 4 3 7 8 8 7 9 10 10 9 7 8 8 7 9 10 10 9 11 12 12 11 13 14 14 13 11 12 12 11 13 14 14 13 11 12 12 11 13 14 14 13 11 12 12 11 13 14 14 13
3
1 2 3
7
1 2 3 4 5 6 7
15
1 2 2 3 4 4 3 5 6 6 5 3 4 3 4
31
1 2 2 3 4 4 3 5 6 6 5 3 4 4 3 7 8 8 7 9 10 10 9 7 8 8 7 9 10 11 9
63
1 2 2 3 4 4 3 5 6 6 5 3 4 4 3 7 8 8 7 9 10 10 9 7 8 8 7 9 10 10 9 11 12 12 11 13 14 14 13 11 12 12 11 13 14 14 13 11 12 12 11 13 14 14 13 11 12 12 11 13 14 14 15